# TDC UART 扫描数据
# 生成时间: 2026-01-06 21:08:35
# Index, Type, ID, Fine, Flag, Coarse, Raw_Hex
0,UP,0,3538,1,117,0x001BA575
1,UP,1,3505,1,117,0x005B6375
2,UP,2,3518,1,117,0x009B7D75
3,UP,3,3505,1,117,0x00DB6375
4,UP,4,3476,1,117,0x011B2975
5,UP,5,3476,1,117,0x015B2975
6,UP,6,3458,1,117,0x019B0575
7,UP,7,3440,1,117,0x01DAE175
8,UP,8,3440,1,117,0x021AE175
9,UP,9,3440,1,117,0x025AE175
10,UP,10,3406,1,117,0x029A9D75
11,UP,11,3392,1,117,0x02DA8175
12,UP,12,3375,1,117,0x031A5F75
13,UP,13,3359,1,117,0x035A3F75
14,UP,14,3338,1,117,0x039A1575
15,UP,15,3311,1,117,0x03D9DF75
16,UP,16,3311,1,117,0x0419DF75
17,UP,17,3281,1,117,0x0459A375
18,UP,18,3259,1,117,0x04997775
19,UP,19,3259,1,117,0x04D97775
20,UP,20,3234,1,117,0x05194575
21,UP,21,3205,1,117,0x05590B75
22,UP,22,3162,1,117,0x0598B575
23,UP,23,3177,1,117,0x05D8D375
24,UP,24,3162,1,117,0x0618B575
25,UP,25,3136,1,117,0x06588175
26,UP,26,3121,1,117,0x06986375
27,UP,27,3105,1,117,0x06D84375
28,UP,28,3056,1,117,0x0717E175
29,UP,29,3018,1,117,0x07579575
30,UP,30,3034,1,117,0x0797B575
31,UP,31,3018,1,117,0x07D79575
32,UP,32,2998,1,117,0x08176D75
33,UP,33,2980,1,117,0x08574975
34,UP,34,2970,1,117,0x08973575
35,UP,35,2930,1,117,0x08D6E575
36,UP,36,2896,1,116,0x0916A174
37,UP,37,2930,1,116,0x0956E574
38,UP,38,2896,1,116,0x0996A174
39,UP,39,2881,1,116,0x09D68374
40,UP,40,2861,1,116,0x0A165B74
41,UP,41,2846,1,116,0x0A563D74
42,UP,42,2827,1,116,0x0A961774
43,UP,43,2815,1,116,0x0AD5FF74
44,UP,44,2806,1,116,0x0B15ED74
45,UP,45,2806,1,116,0x0B55ED74
46,UP,46,2759,1,116,0x0B958F74
47,UP,47,2759,1,116,0x0BD58F74
48,UP,48,2744,1,116,0x0C157174
49,UP,49,2712,1,116,0x0C553174
50,UP,50,2675,1,116,0x0C94E774
51,UP,51,2694,1,116,0x0CD50D74
52,UP,52,2661,1,116,0x0D14CB74
53,UP,53,2661,1,116,0x0D54CB74
54,UP,54,2638,1,116,0x0D949D74
55,UP,55,2638,1,116,0x0DD49D74
56,UP,56,2580,1,116,0x0E142974
57,UP,57,2561,1,116,0x0E540374
58,UP,58,2580,1,116,0x0E942974
59,UP,59,2561,1,116,0x0ED40374
60,UP,60,2521,1,116,0x0F13B374
61,UP,61,2512,1,116,0x0F53A174
62,UP,62,2499,1,116,0x0F938774
63,UP,63,2482,1,116,0x0FD36574
64,UP,64,2450,1,116,0x10132574
65,UP,65,2482,1,116,0x10536574
66,UP,66,2450,1,116,0x10932574
67,UP,67,2450,1,116,0x10D32574
68,UP,68,2414,1,116,0x1112DD74
69,UP,69,2399,1,116,0x1152BF74
70,UP,70,2374,1,116,0x11928D74
71,UP,71,2350,1,116,0x11D25D74
72,UP,72,2350,1,116,0x12125D74
73,UP,73,2334,1,116,0x12523D74
74,UP,74,2321,1,116,0x12922374
75,UP,75,2282,1,116,0x12D1D574
76,UP,76,2282,1,116,0x1311D574
77,UP,77,2247,1,116,0x13518F74
78,UP,78,2214,1,116,0x13914D74
79,UP,79,2214,1,116,0x13D14D74
80,UP,80,2202,1,116,0x14113574
81,UP,81,2178,1,116,0x14510574
82,UP,82,2178,1,116,0x14910574
83,UP,83,2166,1,116,0x14D0ED74
84,UP,84,2125,1,116,0x15109B74
85,UP,85,2087,1,116,0x15504F74
86,UP,86,2079,1,116,0x15903F74
87,UP,87,2052,1,116,0x15D00974
88,UP,88,2032,1,116,0x160FE174
89,UP,89,2015,1,116,0x164FBF74
90,UP,90,2004,1,116,0x168FA974
91,UP,91,1974,1,116,0x16CF6D74
92,UP,92,1947,1,116,0x170F3774
93,UP,93,1959,1,116,0x174F4F74
94,UP,94,1924,1,116,0x178F0974
95,UP,95,1909,1,116,0x17CEEB74
96,UP,96,1887,1,116,0x180EBF74
97,UP,97,1895,1,116,0x184ECF74
98,UP,98,1865,1,116,0x188E9374
99,UP,99,1833,1,116,0x18CE5374
100,UP,100,1833,1,116,0x190E5374
101,UP,101,1815,1,116,0x194E2F74
102,UP,102,1803,1,116,0x198E1774
103,UP,103,1775,1,116,0x19CDDF74
104,UP,104,1775,1,116,0x1A0DDF74
105,UP,105,1750,1,116,0x1A4DAD74
106,UP,106,1701,1,116,0x1A8D4B74
107,UP,107,1701,1,116,0x1ACD4B74
108,UP,108,1701,1,116,0x1B0D4B74
109,UP,109,1701,1,116,0x1B4D4B74
110,UP,110,1666,1,116,0x1B8D0574
111,UP,111,1666,1,116,0x1BCD0574
112,UP,112,1622,1,116,0x1C0CAD74
113,UP,113,1590,1,116,0x1C4C6D74
114,UP,114,1605,1,116,0x1C8C8B74
115,UP,115,1579,1,116,0x1CCC5774
116,UP,116,1543,1,116,0x1D0C0F74
117,UP,117,1543,1,116,0x1D4C0F74
118,UP,118,1522,1,116,0x1D8BE574
119,UP,119,1494,1,116,0x1DCBAD74
120,UP,120,1479,1,116,0x1E0B8F74
121,UP,121,1479,1,116,0x1E4B8F74
122,UP,122,1479,1,116,0x1E8B8F74
123,UP,123,1453,1,116,0x1ECB5B74
124,UP,124,1428,1,116,0x1F0B2974
125,UP,125,1428,1,116,0x1F4B2974
126,UP,126,1384,1,116,0x1F8AD174
127,UP,127,1368,1,116,0x1FCAB174
128,UP,128,1368,1,116,0x200AB174
129,UP,129,1347,1,116,0x204A8774
130,UP,130,1332,1,116,0x208A6974
131,UP,131,1319,1,116,0x20CA4F74
132,UP,132,1303,1,116,0x210A2F74
133,UP,133,1269,1,116,0x2149EB74
134,UP,134,1245,1,116,0x2189BB74
135,UP,135,1245,1,116,0x21C9BB74
136,UP,136,1224,1,116,0x22099174
137,UP,137,1213,1,116,0x22497B74
138,UP,138,1196,1,116,0x22895974
139,UP,139,1196,1,116,0x22C95974
140,UP,140,1144,1,116,0x2308F174
141,UP,141,1116,1,116,0x2348B974
142,UP,142,1128,1,116,0x2388D174
143,UP,143,1083,1,116,0x23C87774
144,UP,144,1073,1,116,0x24086374
145,UP,145,1041,1,116,0x24482374
146,UP,146,1027,1,116,0x24880774
147,UP,147,996,1,116,0x24C7C974
148,UP,148,984,1,116,0x2507B174
149,UP,149,975,1,116,0x25479F74
150,UP,150,975,1,116,0x25879F74
151,UP,151,958,1,116,0x25C77D74
152,UP,152,940,1,116,0x26075974
153,UP,153,923,1,116,0x26473774
154,UP,154,907,1,116,0x26871774
155,UP,155,875,1,116,0x26C6D774
156,UP,156,875,1,116,0x2706D774
157,UP,157,875,1,116,0x2746D774
158,UP,158,824,1,116,0x27867174
159,UP,159,824,1,116,0x27C67174
160,UP,160,796,1,116,0x28063974
161,UP,161,775,1,116,0x28460F74
162,UP,162,758,1,116,0x2885ED74
163,UP,163,758,1,116,0x28C5ED74
164,UP,164,726,1,116,0x2905AD74
165,UP,165,726,1,116,0x2945AD74
166,UP,166,726,1,116,0x2985AD74
167,UP,167,695,1,116,0x29C56F74
168,UP,168,657,1,116,0x2A052374
169,UP,169,627,1,116,0x2A44E774
170,UP,170,643,1,116,0x2A850774
171,UP,171,627,1,116,0x2AC4E774
172,UP,172,608,1,116,0x2B04C174
173,UP,173,573,1,116,0x2B447B74
174,UP,174,573,1,116,0x2B847B74
175,UP,175,564,1,116,0x2BC46974
176,UP,176,537,1,116,0x2C043374
177,UP,177,537,1,116,0x2C443374
178,UP,178,513,1,116,0x2C840374
179,UP,179,489,1,116,0x2CC3D374
180,UP,180,489,1,116,0x2D03D374
181,UP,181,462,1,116,0x2D439D74
182,UP,182,446,1,116,0x2D837D74
183,UP,183,413,1,116,0x2DC33B74
184,UP,184,430,1,116,0x2E035D74
185,UP,185,397,1,116,0x2E431B74
186,UP,186,365,1,116,0x2E82DB74
187,UP,187,349,1,116,0x2EC2BB74
188,UP,188,349,1,116,0x2F02BB74
189,UP,189,316,1,116,0x2F427974
190,UP,190,289,1,116,0x2F824374
191,UP,191,289,1,116,0x2FC24374
192,UP,192,269,1,116,0x30021B74
193,UP,193,253,1,116,0x3041FB74
194,UP,194,228,1,116,0x3081C974
195,UP,195,212,1,116,0x30C1A974
196,UP,196,177,1,116,0x31016374
197,UP,197,151,1,116,0x31412F74
198,UP,198,177,1,116,0x31816374
199,UP,199,124,1,116,0x31C0F974
200,UP,200,107,1,116,0x3200D774
201,UP,201,94,1,116,0x3240BD74
202,UP,202,68,1,116,0x32808974
203,UP,203,33,1,116,0x32C04374
204,UP,204,6,1,116,0x33000D74
205,UP,205,23,1,116,0x33402F74
206,UP,206,3856,1,117,0x339E2175
207,UP,207,3844,1,117,0x33DE0975
208,UP,208,3830,1,117,0x341DED75
209,UP,209,3810,1,117,0x345DC575
210,UP,210,3810,1,117,0x349DC575
211,UP,211,3773,1,117,0x34DD7B75
212,UP,212,3773,1,117,0x351D7B75
213,UP,213,3725,1,117,0x355D1B75
214,UP,214,3725,1,117,0x359D1B75
215,UP,215,3725,1,117,0x35DD1B75
216,UP,216,3725,1,117,0x361D1B75
217,UP,217,3675,1,117,0x365CB775
218,UP,218,3654,1,117,0x369C8D75
219,UP,219,3654,1,117,0x36DC8D75
220,UP,220,3638,1,117,0x371C6D75
221,UP,221,3620,1,117,0x375C4975
222,UP,222,3601,1,117,0x379C2375
223,UP,223,3585,1,117,0x37DC0375
224,UP,224,3538,1,117,0x381BA575
225,DOWN,0,3585,0,139,0x401C028B
226,DOWN,1,3535,0,139,0x405B9E8B
227,DOWN,2,3535,0,139,0x409B9E8B
228,DOWN,3,3535,0,139,0x40DB9E8B
229,DOWN,4,3515,0,139,0x411B768B
230,DOWN,5,3515,0,139,0x415B768B
231,DOWN,6,3500,0,139,0x419B588B
232,DOWN,7,3469,0,139,0x41DB1A8B
233,DOWN,8,3455,0,139,0x421AFE8B
234,DOWN,9,3439,0,139,0x425ADE8B
235,DOWN,10,3439,0,139,0x429ADE8B
236,DOWN,11,3407,0,139,0x42DA9E8B
237,DOWN,12,3390,0,139,0x431A7C8B
238,DOWN,13,3375,0,139,0x435A5E8B
239,DOWN,14,3354,0,139,0x439A348B
240,DOWN,15,3328,0,139,0x43DA008B
241,DOWN,16,3339,0,139,0x441A168B
242,DOWN,17,3304,0,139,0x4459D08B
243,DOWN,18,3293,0,139,0x4499BA8B
244,DOWN,19,3270,0,139,0x44D98C8B
245,DOWN,20,3270,0,139,0x45198C8B
246,DOWN,21,3207,0,139,0x45590E8B
247,DOWN,22,3207,0,139,0x45990E8B
248,DOWN,23,3192,0,139,0x45D8F08B
249,DOWN,24,3178,0,139,0x4618D48B
250,DOWN,25,3159,0,139,0x4658AE8B
251,DOWN,26,3143,0,139,0x46988E8B
252,DOWN,27,3124,0,139,0x46D8688B
253,DOWN,28,3087,0,139,0x47181E8B
254,DOWN,29,3073,0,139,0x4758028B
255,DOWN,30,3062,0,139,0x4797EC8B
256,DOWN,31,3038,0,138,0x47D7BC8A
257,DOWN,32,3026,0,138,0x4817A48A
258,DOWN,33,3012,0,138,0x4857888A
259,DOWN,34,2988,0,138,0x4897588A
260,DOWN,35,2959,0,138,0x48D71E8A
261,DOWN,36,2944,0,138,0x4917008A
262,DOWN,37,2944,0,138,0x4957008A
263,DOWN,38,2925,0,138,0x4996DA8A
264,DOWN,39,2902,0,138,0x49D6AC8A
265,DOWN,40,2886,0,138,0x4A168C8A
266,DOWN,41,2886,0,138,0x4A568C8A
267,DOWN,42,2869,0,138,0x4A966A8A
268,DOWN,43,2852,0,138,0x4AD6488A
269,DOWN,44,2838,0,138,0x4B162C8A
270,DOWN,45,2820,0,138,0x4B56088A
271,DOWN,46,2800,0,138,0x4B95E08A
272,DOWN,47,2786,0,138,0x4BD5C48A
273,DOWN,48,2768,0,138,0x4C15A08A
274,DOWN,49,2738,0,138,0x4C55648A
275,DOWN,50,2718,0,138,0x4C953C8A
276,DOWN,51,2728,0,138,0x4CD5508A
277,DOWN,52,2718,0,138,0x4D153C8A
278,DOWN,53,2678,0,138,0x4D54EC8A
279,DOWN,54,2678,0,138,0x4D94EC8A
280,DOWN,55,2651,0,138,0x4DD4B68A
281,DOWN,56,2621,0,138,0x4E147A8A
282,DOWN,57,2593,0,138,0x4E54428A
283,DOWN,58,2606,0,138,0x4E945C8A
284,DOWN,59,2575,0,138,0x4ED41E8A
285,DOWN,60,2556,0,138,0x4F13F88A
286,DOWN,61,2543,0,138,0x4F53DE8A
287,DOWN,62,2532,0,138,0x4F93C88A
288,DOWN,63,2497,0,138,0x4FD3828A
289,DOWN,64,2497,0,138,0x5013828A
290,DOWN,65,2497,0,138,0x5053828A
291,DOWN,66,2459,0,138,0x5093368A
292,DOWN,67,2459,0,138,0x50D3368A
293,DOWN,68,2440,0,138,0x5113108A
294,DOWN,69,2422,0,138,0x5152EC8A
295,DOWN,70,2395,0,138,0x5192B68A
296,DOWN,71,2369,0,138,0x51D2828A
297,DOWN,72,2369,0,138,0x5212828A
298,DOWN,73,2353,0,138,0x5252628A
299,DOWN,74,2337,0,138,0x5292428A
300,DOWN,75,2312,0,138,0x52D2108A
301,DOWN,76,2295,0,138,0x5311EE8A
302,DOWN,77,2260,0,138,0x5351A88A
303,DOWN,78,2260,0,138,0x5391A88A
304,DOWN,79,2244,0,138,0x53D1888A
305,DOWN,80,2213,0,138,0x54114A8A
306,DOWN,81,2198,0,138,0x54512C8A
307,DOWN,82,2198,0,138,0x54912C8A
308,DOWN,83,2183,0,138,0x54D10E8A
309,DOWN,84,2153,0,138,0x5510D28A
310,DOWN,85,2131,0,138,0x5550A68A
311,DOWN,86,2115,0,138,0x5590868A
312,DOWN,87,2095,0,138,0x55D05E8A
313,DOWN,88,2066,0,138,0x5610248A
314,DOWN,89,2051,0,138,0x5650068A
315,DOWN,90,2037,0,138,0x568FEA8A
316,DOWN,91,2004,0,138,0x56CFA88A
317,DOWN,92,1989,0,138,0x570F8A8A
318,DOWN,93,1972,0,138,0x574F688A
319,DOWN,94,1972,0,138,0x578F688A
320,DOWN,95,1945,0,138,0x57CF328A
321,DOWN,96,1931,0,138,0x580F168A
322,DOWN,97,1915,0,138,0x584EF68A
323,DOWN,98,1885,0,138,0x588EBA8A
324,DOWN,99,1877,0,138,0x58CEAA8A
325,DOWN,100,1869,0,138,0x590E9A8A
326,DOWN,101,1854,0,138,0x594E7C8A
327,DOWN,102,1843,0,138,0x598E668A
328,DOWN,103,1809,0,138,0x59CE228A
329,DOWN,104,1809,0,138,0x5A0E228A
330,DOWN,105,1750,0,138,0x5A4DAC8A
331,DOWN,106,1750,0,138,0x5A8DAC8A
332,DOWN,107,1750,0,138,0x5ACDAC8A
333,DOWN,108,1731,0,138,0x5B0D868A
334,DOWN,109,1715,0,138,0x5B4D668A
335,DOWN,110,1692,0,138,0x5B8D388A
336,DOWN,111,1692,0,138,0x5BCD388A
337,DOWN,112,1633,0,138,0x5C0CC28A
338,DOWN,113,1633,0,138,0x5C4CC28A
339,DOWN,114,1633,0,138,0x5C8CC28A
340,DOWN,115,1594,0,138,0x5CCC748A
341,DOWN,116,1594,0,138,0x5D0C748A
342,DOWN,117,1557,0,138,0x5D4C2A8A
343,DOWN,118,1557,0,138,0x5D8C2A8A
344,DOWN,119,1532,0,138,0x5DCBF88A
345,DOWN,120,1504,0,138,0x5E0BC08A
346,DOWN,121,1504,0,138,0x5E4BC08A
347,DOWN,122,1493,0,138,0x5E8BAA8A
348,DOWN,123,1472,0,138,0x5ECB808A
349,DOWN,124,1455,0,138,0x5F0B5E8A
350,DOWN,125,1443,0,138,0x5F4B468A
351,DOWN,126,1420,0,138,0x5F8B188A
352,DOWN,127,1420,0,138,0x5FCB188A
353,DOWN,128,1385,0,138,0x600AD28A
354,DOWN,129,1367,0,138,0x604AAE8A
355,DOWN,130,1367,0,138,0x608AAE8A
356,DOWN,131,1336,0,138,0x60CA708A
357,DOWN,132,1336,0,138,0x610A708A
358,DOWN,133,1295,0,138,0x614A1E8A
359,DOWN,134,1282,0,138,0x618A048A
360,DOWN,135,1282,0,138,0x61CA048A
361,DOWN,136,1263,0,138,0x6209DE8A
362,DOWN,137,1231,0,138,0x62499E8A
363,DOWN,138,1231,0,138,0x62899E8A
364,DOWN,139,1211,0,138,0x62C9768A
365,DOWN,140,1175,0,138,0x63092E8A
366,DOWN,141,1151,0,138,0x6348FE8A
367,DOWN,142,1158,0,138,0x63890C8A
368,DOWN,143,1127,0,138,0x63C8CE8A
369,DOWN,144,1099,0,138,0x6408968A
370,DOWN,145,1086,0,138,0x64487C8A
371,DOWN,146,1072,0,138,0x6488608A
372,DOWN,147,1035,0,138,0x64C8168A
373,DOWN,148,1019,0,138,0x6507F68A
374,DOWN,149,1019,0,138,0x6547F68A
375,DOWN,150,998,0,138,0x6587CC8A
376,DOWN,151,978,0,138,0x65C7A48A
377,DOWN,152,962,0,138,0x6607848A
378,DOWN,153,947,0,138,0x6647668A
379,DOWN,154,933,0,138,0x66874A8A
380,DOWN,155,920,0,138,0x66C7308A
381,DOWN,156,920,0,138,0x6707308A
382,DOWN,157,888,0,138,0x6746F08A
383,DOWN,158,856,0,138,0x6786B08A
384,DOWN,159,856,0,138,0x67C6B08A
385,DOWN,160,841,0,138,0x6806928A
386,DOWN,161,797,0,138,0x68463A8A
387,DOWN,162,783,0,138,0x68861E8A
388,DOWN,163,774,0,138,0x68C60C8A
389,DOWN,164,760,0,138,0x6905F08A
390,DOWN,165,736,0,138,0x6945C08A
391,DOWN,166,736,0,138,0x6985C08A
392,DOWN,167,712,0,138,0x69C5908A
393,DOWN,168,681,0,138,0x6A05528A
394,DOWN,169,664,0,138,0x6A45308A
395,DOWN,170,664,0,138,0x6A85308A
396,DOWN,171,642,0,138,0x6AC5048A
397,DOWN,172,632,0,138,0x6B04F08A
398,DOWN,173,616,0,138,0x6B44D08A
399,DOWN,174,596,0,138,0x6B84A88A
400,DOWN,175,576,0,138,0x6BC4808A
401,DOWN,176,551,0,138,0x6C044E8A
402,DOWN,177,551,0,138,0x6C444E8A
403,DOWN,178,542,0,138,0x6C843C8A
404,DOWN,179,512,0,138,0x6CC4008A
405,DOWN,180,492,0,138,0x6D03D88A
406,DOWN,181,492,0,138,0x6D43D88A
407,DOWN,182,458,0,138,0x6D83948A
408,DOWN,183,443,0,138,0x6DC3768A
409,DOWN,184,443,0,138,0x6E03768A
410,DOWN,185,414,0,138,0x6E433C8A
411,DOWN,186,397,0,138,0x6E831A8A
412,DOWN,187,381,0,138,0x6EC2FA8A
413,DOWN,188,364,0,138,0x6F02D88A
414,DOWN,189,322,0,138,0x6F42848A
415,DOWN,190,310,0,138,0x6F826C8A
416,DOWN,191,310,0,138,0x6FC26C8A
417,DOWN,192,295,0,138,0x70024E8A
418,DOWN,193,265,0,138,0x7042128A
419,DOWN,194,265,0,138,0x7082128A
420,DOWN,195,232,0,138,0x70C1D08A
421,DOWN,196,202,0,138,0x7101948A
422,DOWN,197,184,0,138,0x7141708A
423,DOWN,198,184,0,138,0x7181708A
424,DOWN,199,153,0,138,0x71C1328A
425,DOWN,200,137,0,138,0x7201128A
426,DOWN,201,112,0,138,0x7240E08A
427,DOWN,202,97,0,138,0x7280C28A
428,DOWN,203,76,0,138,0x72C0988A
429,DOWN,204,50,0,138,0x7300648A
430,DOWN,205,50,0,138,0x7340648A
431,DOWN,206,30,0,138,0x73803C8A
432,DOWN,207,8,0,138,0x73C0108A
433,DOWN,208,3850,0,139,0x741E148B
434,DOWN,209,3850,0,139,0x745E148B
435,DOWN,210,3815,0,139,0x749DCE8B
436,DOWN,211,3800,0,139,0x74DDB08B
437,DOWN,212,3800,0,139,0x751DB08B
438,DOWN,213,3785,0,139,0x755D928B
439,DOWN,214,3755,0,139,0x759D568B
440,DOWN,215,3734,0,139,0x75DD2C8B
441,DOWN,216,3734,0,139,0x761D2C8B
442,DOWN,217,3695,0,139,0x765CDE8B
443,DOWN,218,3674,0,139,0x769CB48B
444,DOWN,219,3674,0,139,0x76DCB48B
445,DOWN,220,3652,0,139,0x771C888B
446,DOWN,221,3638,0,139,0x775C6C8B
447,DOWN,222,3620,0,139,0x779C488B
448,DOWN,223,3620,0,139,0x77DC488B
449,DOWN,224,3552,0,139,0x781BC08B
