# TDC UART 扫描数据
# 生成时间: 2026-01-07 20:12:02
# Index, Type, ID, Fine, Flag, Coarse, Raw_Hex
0,UP,0,3679,1,117,0x001CBF75
1,DOWN,0,3698,0,139,0x401CE48B
2,UP,1,3638,1,117,0x005C6D75
3,DOWN,1,3678,0,139,0x405CBC8B
4,UP,2,3638,1,117,0x009C6D75
5,DOWN,2,3678,0,139,0x409CBC8B
6,UP,3,3638,1,117,0x00DC6D75
7,DOWN,3,3648,0,139,0x40DC808B
8,UP,4,3601,1,117,0x011C2375
9,DOWN,4,3628,0,139,0x411C588B
10,UP,5,3585,1,117,0x015C0375
11,DOWN,5,3628,0,139,0x415C588B
12,UP,6,3571,1,117,0x019BE775
13,DOWN,6,3628,0,139,0x419C588B
14,UP,7,3555,1,117,0x01DBC775
15,DOWN,7,3592,0,139,0x41DC108B
16,UP,8,3531,1,117,0x021B9775
17,DOWN,8,3568,0,139,0x421BE08B
18,UP,9,3539,1,117,0x025BA775
19,DOWN,9,3568,0,139,0x425BE08B
20,UP,10,3531,1,117,0x029B9775
21,DOWN,10,3553,0,139,0x429BC28B
22,UP,11,3505,1,117,0x02DB6375
23,DOWN,11,3517,0,139,0x42DB7A8B
24,UP,12,3492,1,117,0x031B4975
25,DOWN,12,3517,0,139,0x431B7A8B
26,UP,13,3475,1,117,0x035B2775
27,DOWN,13,3501,0,139,0x435B5A8B
28,UP,14,3441,1,117,0x039AE375
29,DOWN,14,3486,0,139,0x439B3C8B
30,UP,15,3421,1,117,0x03DABB75
31,DOWN,15,3455,0,139,0x43DAFE8B
32,UP,16,3421,1,117,0x041ABB75
33,DOWN,16,3439,0,139,0x441ADE8B
34,UP,17,3406,1,117,0x045A9D75
35,DOWN,17,3439,0,139,0x445ADE8B
36,UP,18,3392,1,117,0x049A8175
37,DOWN,18,3421,0,139,0x449ABA8B
38,UP,19,3359,1,117,0x04DA3F75
39,DOWN,19,3391,0,139,0x44DA7E8B
40,UP,20,3338,1,117,0x051A1575
41,DOWN,20,3391,0,139,0x451A7E8B
42,UP,21,3323,1,117,0x0559F775
43,DOWN,21,3356,0,139,0x455A388B
44,UP,22,3297,1,116,0x0599C374
45,DOWN,22,3331,0,139,0x459A068B
46,UP,23,3297,1,116,0x05D9C374
47,DOWN,23,3331,0,139,0x45DA068B
48,UP,24,3282,1,116,0x0619A574
49,DOWN,24,3307,0,138,0x4619D68A
50,UP,25,3260,1,116,0x06597974
51,DOWN,25,3307,0,138,0x4659D68A
52,UP,26,3235,1,116,0x06994774
53,DOWN,26,3269,0,138,0x46998A8A
54,UP,27,3235,1,116,0x06D94774
55,DOWN,27,3269,0,138,0x46D98A8A
56,UP,28,3182,1,116,0x0718DD74
57,DOWN,28,3233,0,138,0x4719428A
58,UP,29,3161,1,116,0x0758B374
59,DOWN,29,3207,0,138,0x47590E8A
60,UP,30,3161,1,116,0x0798B374
61,DOWN,30,3207,0,138,0x47990E8A
62,UP,31,3149,1,116,0x07D89B74
63,DOWN,31,3177,0,138,0x47D8D28A
64,UP,32,3120,1,116,0x08186174
65,DOWN,32,3177,0,138,0x4818D28A
66,UP,33,3104,1,116,0x08584174
67,DOWN,33,3148,0,138,0x4858988A
68,UP,34,3086,1,116,0x08981D74
69,DOWN,34,3137,0,138,0x4898828A
70,UP,35,3064,1,116,0x08D7F174
71,DOWN,35,3100,0,138,0x48D8388A
72,UP,36,3049,1,116,0x0917D374
73,DOWN,36,3100,0,138,0x4918388A
74,UP,37,3049,1,116,0x0957D374
75,DOWN,37,3100,0,138,0x4958388A
76,UP,38,3035,1,116,0x0997B774
77,DOWN,38,3068,0,138,0x4997F88A
78,UP,39,2998,1,116,0x09D76D74
79,DOWN,39,3039,0,138,0x49D7BE8A
80,UP,40,2981,1,116,0x0A174B74
81,DOWN,40,3026,0,138,0x4A17A48A
82,UP,41,2981,1,116,0x0A574B74
83,DOWN,41,3013,0,138,0x4A578A8A
84,UP,42,2958,1,116,0x0A971D74
85,DOWN,42,2989,0,138,0x4A975A8A
86,UP,43,2931,1,116,0x0AD6E774
87,DOWN,43,2989,0,138,0x4AD75A8A
88,UP,44,2931,1,116,0x0B16E774
89,DOWN,44,2974,0,138,0x4B173C8A
90,UP,45,2911,1,116,0x0B56BF74
91,DOWN,45,2960,0,138,0x4B57208A
92,UP,46,2891,1,116,0x0B969774
93,DOWN,46,2927,0,138,0x4B96DE8A
94,UP,47,2871,1,116,0x0BD66F74
95,DOWN,47,2914,0,138,0x4BD6C48A
96,UP,48,2848,1,116,0x0C164174
97,DOWN,48,2904,0,138,0x4C16B08A
98,UP,49,2807,1,116,0x0C55EF74
99,DOWN,49,2872,0,138,0x4C56708A
100,UP,50,2794,1,116,0x0C95D574
101,DOWN,50,2823,0,138,0x4C960E8A
102,UP,51,2794,1,116,0x0CD5D574
103,DOWN,51,2841,0,138,0x4CD6328A
104,UP,52,2764,1,116,0x0D159974
105,DOWN,52,2811,0,138,0x4D15F68A
106,UP,53,2747,1,116,0x0D557774
107,DOWN,53,2788,0,138,0x4D55C88A
108,UP,54,2728,1,116,0x0D955174
109,DOWN,54,2771,0,138,0x4D95A68A
110,UP,55,2728,1,116,0x0DD55174
111,DOWN,55,2755,0,138,0x4DD5868A
112,UP,56,2675,1,116,0x0E14E774
113,DOWN,56,2705,0,138,0x4E15228A
114,UP,57,2638,1,116,0x0E549D74
115,DOWN,57,2705,0,138,0x4E55228A
116,UP,58,2638,1,116,0x0E949D74
117,DOWN,58,2705,0,138,0x4E95228A
118,UP,59,2638,1,116,0x0ED49D74
119,DOWN,59,2680,0,138,0x4ED4F08A
120,UP,60,2614,1,116,0x0F146D74
121,DOWN,60,2680,0,138,0x4F14F08A
122,UP,61,2600,1,116,0x0F545174
123,DOWN,61,2653,0,138,0x4F54BA8A
124,UP,62,2589,1,116,0x0F943B74
125,DOWN,62,2638,0,138,0x4F949C8A
126,UP,63,2581,1,116,0x0FD42B74
127,DOWN,63,2606,0,138,0x4FD45C8A
128,UP,64,2554,1,116,0x1013F574
129,DOWN,64,2593,0,138,0x5014428A
130,UP,65,2554,1,116,0x1053F574
131,DOWN,65,2593,0,138,0x5054428A
132,UP,66,2536,1,116,0x1093D174
133,DOWN,66,2576,0,138,0x5094208A
134,UP,67,2523,1,116,0x10D3B774
135,DOWN,67,2545,0,138,0x50D3E28A
136,UP,68,2509,1,116,0x11139B74
137,DOWN,68,2545,0,138,0x5113E28A
138,UP,69,2493,1,116,0x11537B74
139,DOWN,69,2533,0,138,0x5153CA8A
140,UP,70,2451,1,116,0x11932774
141,DOWN,70,2500,0,138,0x5193888A
142,UP,71,2424,1,116,0x11D2F174
143,DOWN,71,2476,0,138,0x51D3588A
144,UP,72,2451,1,116,0x12132774
145,DOWN,72,2459,0,138,0x5213368A
146,UP,73,2424,1,116,0x1252F174
147,DOWN,73,2441,0,138,0x5253128A
148,UP,74,2384,1,116,0x1292A174
149,DOWN,74,2441,0,138,0x5293128A
150,UP,75,2384,1,116,0x12D2A174
151,DOWN,75,2409,0,138,0x52D2D28A
152,UP,76,2356,1,116,0x13126974
153,DOWN,76,2395,0,138,0x5312B68A
154,UP,77,2325,1,116,0x13522B74
155,DOWN,77,2372,0,138,0x5352888A
156,UP,78,2314,1,116,0x13921574
157,DOWN,78,2355,0,138,0x5392668A
158,UP,79,2314,1,116,0x13D21574
159,DOWN,79,2355,0,138,0x53D2668A
160,UP,80,2298,1,116,0x1411F574
161,DOWN,80,2322,0,138,0x5412248A
162,UP,81,2269,1,116,0x1451BB74
163,DOWN,81,2309,0,138,0x54520A8A
164,UP,82,2263,1,116,0x1491AF74
165,DOWN,82,2298,0,138,0x5491F48A
166,UP,83,2253,1,116,0x14D19B74
167,DOWN,83,2284,0,138,0x54D1D88A
168,UP,84,2203,1,116,0x15113774
169,DOWN,84,2264,0,138,0x5511B08A
170,UP,85,2188,1,116,0x15511974
171,DOWN,85,2234,0,138,0x5551748A
172,UP,86,2188,1,116,0x15911974
173,DOWN,86,2234,0,138,0x5591748A
174,UP,87,2177,1,116,0x15D10374
175,DOWN,87,2215,0,138,0x55D14E8A
176,UP,88,2149,1,116,0x1610CB74
177,DOWN,88,2186,0,138,0x5611148A
178,UP,89,2141,1,116,0x1650BB74
179,DOWN,89,2186,0,138,0x5651148A
180,UP,90,2131,1,116,0x1690A774
181,DOWN,90,2164,0,138,0x5690E88A
182,UP,91,2079,1,116,0x16D03F74
183,DOWN,91,2139,0,138,0x56D0B68A
184,UP,92,2065,1,116,0x17102374
185,DOWN,92,2124,0,138,0x5710988A
186,UP,93,2079,1,116,0x17503F74
187,DOWN,93,2139,0,138,0x5750B68A
188,UP,94,2065,1,116,0x17902374
189,DOWN,94,2097,0,138,0x5790628A
190,UP,95,2032,1,116,0x17CFE174
191,DOWN,95,2083,0,138,0x57D0468A
192,UP,96,2019,1,116,0x180FC774
193,DOWN,96,2053,0,138,0x58100A8A
194,UP,97,2003,1,116,0x184FA774
195,DOWN,97,2053,0,138,0x58500A8A
196,UP,98,1977,1,116,0x188F7374
197,DOWN,98,2016,0,138,0x588FC08A
198,UP,99,1940,1,116,0x18CF2974
199,DOWN,99,1991,0,138,0x58CF8E8A
200,UP,100,1960,1,116,0x190F5174
201,DOWN,100,1991,0,138,0x590F8E8A
202,UP,101,1926,1,116,0x194F0D74
203,DOWN,101,1974,0,138,0x594F6C8A
204,UP,102,1926,1,116,0x198F0D74
205,DOWN,102,1947,0,138,0x598F368A
206,UP,103,1895,1,116,0x19CECF74
207,DOWN,103,1917,0,138,0x59CEFA8A
208,UP,104,1866,1,116,0x1A0E9574
209,DOWN,104,1934,0,138,0x5A0F1C8A
210,UP,105,1853,1,116,0x1A4E7B74
211,DOWN,105,1888,0,138,0x5A4EC08A
212,UP,106,1816,1,116,0x1A8E3174
213,DOWN,106,1871,0,138,0x5A8E9E8A
214,UP,107,1834,1,116,0x1ACE5574
215,DOWN,107,1871,0,138,0x5ACE9E8A
216,UP,108,1816,1,116,0x1B0E3174
217,DOWN,108,1845,0,138,0x5B0E6A8A
218,UP,109,1776,1,116,0x1B4DE174
219,DOWN,109,1828,0,138,0x5B4E488A
220,UP,110,1776,1,116,0x1B8DE174
221,DOWN,110,1811,0,138,0x5B8E268A
222,UP,111,1751,1,116,0x1BCDAF74
223,DOWN,111,1784,0,138,0x5BCDF08A
224,UP,112,1714,1,116,0x1C0D6574
225,DOWN,112,1757,0,138,0x5C0DBA8A
226,UP,113,1694,1,116,0x1C4D3D74
227,DOWN,113,1757,0,138,0x5C4DBA8A
228,UP,114,1704,1,116,0x1C8D5174
229,DOWN,114,1757,0,138,0x5C8DBA8A
230,UP,115,1678,1,116,0x1CCD1D74
231,DOWN,115,1724,0,138,0x5CCD788A
232,UP,116,1653,1,116,0x1D0CEB74
233,DOWN,116,1704,0,138,0x5D0D508A
234,UP,117,1633,1,116,0x1D4CC374
235,DOWN,117,1667,0,138,0x5D4D068A
236,UP,118,1624,1,116,0x1D8CB174
237,DOWN,118,1667,0,138,0x5D8D068A
238,UP,119,1608,1,116,0x1DCC9174
239,DOWN,119,1641,0,138,0x5DCCD28A
240,UP,120,1608,1,116,0x1E0C9174
241,DOWN,120,1625,0,138,0x5E0CB28A
242,UP,121,1597,1,116,0x1E4C7B74
243,DOWN,121,1625,0,138,0x5E4CB28A
244,UP,122,1581,1,116,0x1E8C5B74
245,DOWN,122,1609,0,138,0x5E8C928A
246,UP,123,1564,1,116,0x1ECC3974
247,DOWN,123,1590,0,138,0x5ECC6C8A
248,UP,124,1564,1,116,0x1F0C3974
249,DOWN,124,1590,0,138,0x5F0C6C8A
250,UP,125,1523,1,116,0x1F4BE774
251,DOWN,125,1570,0,138,0x5F4C448A
252,UP,126,1496,1,116,0x1F8BB174
253,DOWN,126,1534,0,138,0x5F8BFC8A
254,UP,127,1480,1,116,0x1FCB9174
255,DOWN,127,1534,0,138,0x5FCBFC8A
256,UP,128,1480,1,116,0x200B9174
257,DOWN,128,1507,0,138,0x600BC68A
258,UP,129,1454,1,116,0x204B5D74
259,DOWN,129,1496,0,138,0x604BB08A
260,UP,130,1454,1,116,0x208B5D74
261,DOWN,130,1472,0,138,0x608B808A
262,UP,131,1428,1,116,0x20CB2974
263,DOWN,131,1472,0,138,0x60CB808A
264,UP,132,1415,1,116,0x210B0F74
265,DOWN,132,1452,0,138,0x610B588A
266,UP,133,1384,1,116,0x214AD174
267,DOWN,133,1418,0,138,0x614B148A
268,UP,134,1349,1,116,0x218A8B74
269,DOWN,134,1398,0,138,0x618AEC8A
270,UP,135,1349,1,116,0x21CA8B74
271,DOWN,135,1398,0,138,0x61CAEC8A
272,UP,136,1333,1,116,0x220A6B74
273,DOWN,136,1382,0,138,0x620ACC8A
274,UP,137,1304,1,116,0x224A3174
275,DOWN,137,1365,0,138,0x624AAA8A
276,UP,138,1304,1,116,0x228A3174
277,DOWN,138,1347,0,138,0x628A868A
278,UP,139,1289,1,116,0x22CA1374
279,DOWN,139,1331,0,138,0x62CA668A
280,UP,140,1269,1,116,0x2309EB74
281,DOWN,140,1295,0,138,0x630A1E8A
282,UP,141,1232,1,116,0x2349A174
283,DOWN,141,1282,0,138,0x634A048A
284,UP,142,1226,1,116,0x23899574
285,DOWN,142,1282,0,138,0x638A048A
286,UP,143,1211,1,116,0x23C97774
287,DOWN,143,1249,0,138,0x63C9C28A
288,UP,144,1176,1,116,0x24093174
289,DOWN,144,1233,0,138,0x6409A28A
290,UP,145,1176,1,116,0x24493174
291,DOWN,145,1233,0,138,0x6449A28A
292,UP,146,1176,1,116,0x24893174
293,DOWN,146,1201,0,138,0x6489628A
294,UP,147,1146,1,116,0x24C8F574
295,DOWN,147,1174,0,138,0x64C92C8A
296,UP,148,1110,1,116,0x2508AD74
297,DOWN,148,1141,0,138,0x6508EA8A
298,UP,149,1117,1,116,0x2548BB74
299,DOWN,149,1156,0,138,0x6549088A
300,UP,150,1083,1,116,0x25887774
301,DOWN,150,1141,0,138,0x6588EA8A
302,UP,151,1073,1,116,0x25C86374
303,DOWN,151,1114,0,138,0x65C8B48A
304,UP,152,1067,1,116,0x26085774
305,DOWN,152,1114,0,138,0x6608B48A
306,UP,153,1057,1,116,0x26484374
307,DOWN,153,1099,0,138,0x6648968A
308,UP,154,1026,1,116,0x26880574
309,DOWN,154,1072,0,138,0x6688608A
310,UP,155,1016,1,116,0x26C7F174
311,DOWN,155,1047,0,138,0x66C82E8A
312,UP,156,1007,1,116,0x2707DF74
313,DOWN,156,1047,0,138,0x67082E8A
314,UP,157,986,1,116,0x2747B574
315,DOWN,157,1019,0,138,0x6747F68A
316,UP,158,974,1,116,0x27879D74
317,DOWN,158,1019,0,138,0x6787F68A
318,UP,159,939,1,116,0x27C75774
319,DOWN,159,999,0,138,0x67C7CE8A
320,UP,160,939,1,116,0x28075774
321,DOWN,160,979,0,138,0x6807A68A
322,UP,161,914,1,116,0x28472574
323,DOWN,161,950,0,138,0x68476C8A
324,UP,162,893,1,116,0x2886FB74
325,DOWN,162,922,0,138,0x6887348A
326,UP,163,893,1,116,0x28C6FB74
327,DOWN,163,922,0,138,0x68C7348A
328,UP,164,863,1,116,0x2906BF74
329,DOWN,164,906,0,138,0x6907148A
330,UP,165,846,1,116,0x29469D74
331,DOWN,165,890,0,138,0x6946F48A
332,UP,166,846,1,116,0x29869D74
333,DOWN,166,881,0,138,0x6986E28A
334,UP,167,826,1,116,0x29C67574
335,DOWN,167,857,0,138,0x69C6B28A
336,UP,168,776,1,116,0x2A061174
337,DOWN,168,831,0,138,0x6A067E8A
338,UP,169,759,1,116,0x2A45EF74
339,DOWN,169,798,0,138,0x6A463C8A
340,UP,170,759,1,116,0x2A85EF74
341,DOWN,170,798,0,138,0x6A863C8A
342,UP,171,759,1,116,0x2AC5EF74
343,DOWN,171,775,0,138,0x6AC60E8A
344,UP,172,723,1,116,0x2B05A774
345,DOWN,172,762,0,138,0x6B05F48A
346,UP,173,708,1,116,0x2B458974
347,DOWN,173,738,0,138,0x6B45C48A
348,UP,174,684,1,116,0x2B855974
349,DOWN,174,738,0,138,0x6B85C48A
350,UP,175,684,1,116,0x2BC55974
351,DOWN,175,700,0,138,0x6BC5788A
352,UP,176,643,1,116,0x2C050774
353,DOWN,176,682,0,138,0x6C05548A
354,UP,177,643,1,116,0x2C450774
355,DOWN,177,682,0,138,0x6C45548A
356,UP,178,628,1,116,0x2C84E974
357,DOWN,178,649,0,138,0x6C85128A
358,UP,179,609,1,116,0x2CC4C374
359,DOWN,179,627,0,138,0x6CC4E68A
360,UP,180,591,1,116,0x2D049F74
361,DOWN,180,609,0,138,0x6D04C28A
362,UP,181,572,1,116,0x2D447974
363,DOWN,181,591,0,138,0x6D449E8A
364,UP,182,526,1,116,0x2D841D74
365,DOWN,182,591,0,138,0x6D849E8A
366,UP,183,511,1,116,0x2DC3FF74
367,DOWN,183,548,0,138,0x6DC4488A
368,UP,184,511,1,116,0x2E03FF74
369,DOWN,184,548,0,138,0x6E04488A
370,UP,185,487,1,116,0x2E43CF74
371,DOWN,185,522,0,138,0x6E44148A
372,UP,186,460,1,116,0x2E839974
373,DOWN,186,491,0,138,0x6E83D68A
374,UP,187,445,1,116,0x2EC37B74
375,DOWN,187,474,0,138,0x6EC3B48A
376,UP,188,445,1,116,0x2F037B74
377,DOWN,188,474,0,138,0x6F03B48A
378,UP,189,413,1,116,0x2F433B74
379,DOWN,189,443,0,138,0x6F43768A
380,UP,190,365,1,116,0x2F82DB74
381,DOWN,190,414,0,138,0x6F833C8A
382,UP,191,382,1,116,0x2FC2FD74
383,DOWN,191,427,0,138,0x6FC3568A
384,UP,192,365,1,116,0x3002DB74
385,DOWN,192,397,0,138,0x70031A8A
386,UP,193,333,1,116,0x30429B74
387,DOWN,193,382,0,138,0x7042FC8A
388,UP,194,333,1,116,0x30829B74
389,DOWN,194,365,0,138,0x7082DA8A
390,UP,195,305,1,116,0x30C26374
391,DOWN,195,335,0,138,0x70C29E8A
392,UP,196,272,1,116,0x31022174
393,DOWN,196,296,0,138,0x7102508A
394,UP,197,243,1,116,0x3141E774
395,DOWN,197,296,0,138,0x7142508A
396,UP,198,249,1,116,0x3181F374
397,DOWN,198,296,0,138,0x7182508A
398,UP,199,226,1,116,0x31C1C574
399,DOWN,199,265,0,138,0x71C2128A
400,UP,200,210,1,116,0x3201A574
401,DOWN,200,265,0,138,0x7202128A
402,UP,201,197,1,116,0x32418B74
403,DOWN,201,233,0,138,0x7241D28A
404,UP,202,178,1,116,0x32816574
405,DOWN,202,233,0,138,0x7281D28A
406,UP,203,152,1,116,0x32C13174
407,DOWN,203,196,0,138,0x72C1888A
408,UP,204,124,1,116,0x3300F974
409,DOWN,204,196,0,138,0x7301888A
410,UP,205,138,1,116,0x33411574
411,DOWN,205,175,0,138,0x73415E8A
412,UP,206,106,1,116,0x3380D574
413,DOWN,206,154,0,138,0x7381348A
414,UP,207,94,1,116,0x33C0BD74
415,DOWN,207,154,0,138,0x73C1348A
416,UP,208,84,1,116,0x3400A974
417,DOWN,208,127,0,138,0x7400FE8A
418,UP,209,59,1,116,0x34407774
419,DOWN,209,113,0,138,0x7440E28A
420,UP,210,33,1,116,0x34804374
421,DOWN,210,85,0,138,0x7480AA8A
422,UP,211,33,1,116,0x34C04374
423,DOWN,211,66,0,138,0x74C0848A
424,UP,212,33,1,116,0x35004374
425,DOWN,212,85,0,138,0x7500AA8A
426,UP,213,5,1,116,0x35400B74
427,DOWN,213,50,0,138,0x7540648A
428,UP,214,3857,1,117,0x359E2375
429,DOWN,214,31,0,138,0x75803E8A
430,UP,215,3845,1,117,0x35DE0B75
431,DOWN,215,18,0,138,0x75C0248A
432,UP,216,3831,1,117,0x361DEF75
433,DOWN,216,8,0,138,0x7600108A
434,UP,217,3793,1,117,0x365DA375
435,DOWN,217,3834,0,139,0x765DF48B
436,UP,218,3774,1,117,0x369D7D75
437,DOWN,218,3816,0,139,0x769DD08B
438,UP,219,3774,1,117,0x36DD7D75
439,DOWN,219,3816,0,139,0x76DDD08B
440,UP,220,3738,1,117,0x371D3575
441,DOWN,220,3785,0,139,0x771D928B
442,UP,221,3738,1,117,0x375D3575
443,DOWN,221,3770,0,139,0x775D748B
444,UP,222,3716,1,117,0x379D0975
445,DOWN,222,3756,0,139,0x779D588B
446,UP,223,3702,1,117,0x37DCED75
447,DOWN,223,3735,0,139,0x77DD2E8B
448,UP,224,3653,1,117,0x381C8B75
449,DOWN,224,3698,0,139,0x781CE48B
