# TDC UART 扫描数据
# 生成时间: 2026-01-07 19:44:39
# Index, Type, ID, Fine, Flag, Coarse, Raw_Hex
0,UP,0,3654,1,117,0x001C8D75
1,DOWN,0,3696,0,139,0x401CE08B
2,UP,1,3620,1,117,0x005C4975
3,DOWN,1,3663,0,139,0x405C9E8B
4,UP,2,3620,1,117,0x009C4975
5,DOWN,2,3676,0,139,0x409CB88B
6,UP,3,3620,1,117,0x00DC4975
7,DOWN,3,3646,0,139,0x40DC7C8B
8,UP,4,3601,1,117,0x011C2375
9,DOWN,4,3626,0,139,0x411C548B
10,UP,5,3584,1,117,0x015C0175
11,DOWN,5,3626,0,139,0x415C548B
12,UP,6,3554,1,117,0x019BC575
13,DOWN,6,3591,0,139,0x419C0E8B
14,UP,7,3554,1,117,0x01DBC575
15,DOWN,7,3568,0,139,0x41DBE08B
16,UP,8,3531,1,117,0x021B9775
17,DOWN,8,3568,0,139,0x421BE08B
18,UP,9,3531,1,117,0x025B9775
19,DOWN,9,3568,0,139,0x425BE08B
20,UP,10,3506,1,117,0x029B6575
21,DOWN,10,3552,0,139,0x429BC08B
22,UP,11,3506,1,117,0x02DB6575
23,DOWN,11,3515,0,139,0x42DB768B
24,UP,12,3476,1,117,0x031B2975
25,DOWN,12,3515,0,139,0x431B768B
26,UP,13,3459,1,117,0x035B0775
27,DOWN,13,3500,0,139,0x435B588B
28,UP,14,3441,1,117,0x039AE375
29,DOWN,14,3471,0,139,0x439B1E8B
30,UP,15,3409,1,117,0x03DAA375
31,DOWN,15,3456,0,139,0x43DB008B
32,UP,16,3423,1,117,0x041ABF75
33,DOWN,16,3439,0,139,0x441ADE8B
34,UP,17,3394,1,117,0x045A8575
35,DOWN,17,3428,0,139,0x445AC88B
36,UP,18,3360,1,117,0x049A4175
37,DOWN,18,3407,0,139,0x449A9E8B
38,UP,19,3360,1,117,0x04DA4175
39,DOWN,19,3389,0,139,0x44DA7A8B
40,UP,20,3351,1,117,0x051A2F75
41,DOWN,20,3389,0,139,0x451A7A8B
42,UP,21,3311,1,117,0x0559DF75
43,DOWN,21,3354,0,139,0x455A348B
44,UP,22,3281,1,116,0x0599A374
45,DOWN,22,3354,0,139,0x459A348B
46,UP,23,3281,1,116,0x05D9A374
47,DOWN,23,3329,0,139,0x45DA028B
48,UP,24,3260,1,116,0x06197974
49,DOWN,24,3311,0,138,0x4619DE8A
50,UP,25,3260,1,116,0x06597974
51,DOWN,25,3292,0,138,0x4659B88A
52,UP,26,3234,1,116,0x06994574
53,DOWN,26,3277,0,138,0x46999A8A
54,UP,27,3234,1,116,0x06D94574
55,DOWN,27,3254,0,138,0x46D96C8A
56,UP,28,3176,1,116,0x0718D174
57,DOWN,28,3233,0,138,0x4719428A
58,UP,29,3176,1,116,0x0758D174
59,DOWN,29,3207,0,138,0x47590E8A
60,UP,30,3162,1,116,0x0798B574
61,DOWN,30,3207,0,138,0x47990E8A
62,UP,31,3151,1,116,0x07D89F74
63,DOWN,31,3177,0,138,0x47D8D28A
64,UP,32,3122,1,116,0x08186574
65,DOWN,32,3159,0,138,0x4818AE8A
66,UP,33,3106,1,116,0x08584574
67,DOWN,33,3149,0,138,0x48589A8A
68,UP,34,3087,1,116,0x08981F74
69,DOWN,34,3124,0,138,0x4898688A
70,UP,35,3049,1,116,0x08D7D374
71,DOWN,35,3098,0,138,0x48D8348A
72,UP,36,3034,1,116,0x0917B574
73,DOWN,36,3098,0,138,0x4918348A
74,UP,37,3049,1,116,0x0957D374
75,DOWN,37,3098,0,138,0x4958348A
76,UP,38,3034,1,116,0x0997B574
77,DOWN,38,3074,0,138,0x4998048A
78,UP,39,3018,1,116,0x09D79574
79,DOWN,39,3049,0,138,0x49D7D28A
80,UP,40,2998,1,116,0x0A176D74
81,DOWN,40,3038,0,138,0x4A17BC8A
82,UP,41,2981,1,116,0x0A574B74
83,DOWN,41,3025,0,138,0x4A57A28A
84,UP,42,2959,1,116,0x0A971F74
85,DOWN,42,2998,0,138,0x4A976C8A
86,UP,43,2931,1,116,0x0AD6E774
87,DOWN,43,2988,0,138,0x4AD7588A
88,UP,44,2931,1,116,0x0B16E774
89,DOWN,44,2998,0,138,0x4B176C8A
90,UP,45,2911,1,116,0x0B56BF74
91,DOWN,45,2973,0,138,0x4B573A8A
92,UP,46,2901,1,116,0x0B96AB74
93,DOWN,46,2944,0,138,0x4B97008A
94,UP,47,2891,1,116,0x0BD69774
95,DOWN,47,2926,0,138,0x4BD6DC8A
96,UP,48,2879,1,116,0x0C167F74
97,DOWN,48,2918,0,138,0x4C16CC8A
98,UP,49,2849,1,116,0x0C564374
99,DOWN,49,2889,0,138,0x4C56928A
100,UP,50,2830,1,116,0x0C961D74
101,DOWN,50,2872,0,138,0x4C96708A
102,UP,51,2808,1,116,0x0CD5F174
103,DOWN,51,2872,0,138,0x4CD6708A
104,UP,52,2793,1,116,0x0D15D374
105,DOWN,52,2822,0,138,0x4D160C8A
106,UP,53,2779,1,116,0x0D55B774
107,DOWN,53,2802,0,138,0x4D55E48A
108,UP,54,2748,1,116,0x0D957974
109,DOWN,54,2788,0,138,0x4D95C88A
110,UP,55,2730,1,116,0x0DD55574
111,DOWN,55,2770,0,138,0x4DD5A48A
112,UP,56,2684,1,116,0x0E14F974
113,DOWN,56,2719,0,138,0x4E153E8A
114,UP,57,2662,1,116,0x0E54CD74
115,DOWN,57,2679,0,138,0x4E54EE8A
116,UP,58,2676,1,116,0x0E94E974
117,DOWN,58,2704,0,138,0x4E95208A
118,UP,59,2639,1,116,0x0ED49F74
119,DOWN,59,2679,0,138,0x4ED4EE8A
120,UP,60,2615,1,116,0x0F146F74
121,DOWN,60,2679,0,138,0x4F14EE8A
122,UP,61,2601,1,116,0x0F545374
123,DOWN,61,2652,0,138,0x4F54B88A
124,UP,62,2581,1,116,0x0F942B74
125,DOWN,62,2637,0,138,0x4F949A8A
126,UP,63,2568,1,116,0x0FD41174
127,DOWN,63,2606,0,138,0x4FD45C8A
128,UP,64,2554,1,116,0x1013F574
129,DOWN,64,2593,0,138,0x5014428A
130,UP,65,2554,1,116,0x1053F574
131,DOWN,65,2593,0,138,0x5054428A
132,UP,66,2538,1,116,0x1093D574
133,DOWN,66,2575,0,138,0x50941E8A
134,UP,67,2524,1,116,0x10D3B974
135,DOWN,67,2557,0,138,0x50D3FA8A
136,UP,68,2510,1,116,0x11139D74
137,DOWN,68,2532,0,138,0x5113C88A
138,UP,69,2493,1,116,0x11537B74
139,DOWN,69,2517,0,138,0x5153AA8A
140,UP,70,2474,1,116,0x11935574
141,DOWN,70,2517,0,138,0x5193AA8A
142,UP,71,2451,1,116,0x11D32774
143,DOWN,71,2486,0,138,0x51D36C8A
144,UP,72,2451,1,116,0x12132774
145,DOWN,72,2476,0,138,0x5213588A
146,UP,73,2426,1,116,0x1252F574
147,DOWN,73,2460,0,138,0x5253388A
148,UP,74,2410,1,116,0x1292D574
149,DOWN,74,2442,0,138,0x5293148A
150,UP,75,2387,1,116,0x12D2A774
151,DOWN,75,2423,0,138,0x52D2EE8A
152,UP,76,2387,1,116,0x1312A774
153,DOWN,76,2396,0,138,0x5312B88A
154,UP,77,2337,1,116,0x13524374
155,DOWN,77,2371,0,138,0x5352868A
156,UP,78,2313,1,116,0x13921374
157,DOWN,78,2355,0,138,0x5392668A
158,UP,79,2324,1,116,0x13D22974
159,DOWN,79,2355,0,138,0x53D2668A
160,UP,80,2299,1,116,0x1411F774
161,DOWN,80,2323,0,138,0x5412268A
162,UP,81,2283,1,116,0x1451D774
163,DOWN,81,2309,0,138,0x54520A8A
164,UP,82,2254,1,116,0x14919D74
165,DOWN,82,2297,0,138,0x5491F28A
166,UP,83,2254,1,116,0x14D19D74
167,DOWN,83,2283,0,138,0x54D1D68A
168,UP,84,2223,1,116,0x15115F74
169,DOWN,84,2262,0,138,0x5511AC8A
170,UP,85,2189,1,116,0x15511B74
171,DOWN,85,2246,0,138,0x55518C8A
172,UP,86,2189,1,116,0x15911B74
173,DOWN,86,2233,0,138,0x5591728A
174,UP,87,2178,1,116,0x15D10574
175,DOWN,87,2215,0,138,0x55D14E8A
176,UP,88,2150,1,116,0x1610CD74
177,DOWN,88,2215,0,138,0x56114E8A
178,UP,89,2133,1,116,0x1650AB74
179,DOWN,89,2185,0,138,0x5651128A
180,UP,90,2133,1,116,0x1690AB74
181,DOWN,90,2163,0,138,0x5690E68A
182,UP,91,2080,1,116,0x16D04174
183,DOWN,91,2148,0,138,0x56D0C88A
184,UP,92,2067,1,116,0x17102774
185,DOWN,92,2124,0,138,0x5710988A
186,UP,93,2080,1,116,0x17504174
187,DOWN,93,2112,0,138,0x5750808A
188,UP,94,2061,1,116,0x17901B74
189,DOWN,94,2097,0,138,0x5790628A
190,UP,95,2033,1,116,0x17CFE374
191,DOWN,95,2084,0,138,0x57D0488A
192,UP,96,2021,1,116,0x180FCB74
193,DOWN,96,2052,0,138,0x5810088A
194,UP,97,2014,1,116,0x184FBD74
195,DOWN,97,2052,0,138,0x5850088A
196,UP,98,1991,1,116,0x188F8F74
197,DOWN,98,2037,0,138,0x588FEA8A
198,UP,99,1961,1,116,0x18CF5374
199,DOWN,99,2004,0,138,0x58CFA88A
200,UP,100,1978,1,116,0x190F7574
201,DOWN,100,2004,0,138,0x590FA88A
202,UP,101,1949,1,116,0x194F3B74
203,DOWN,101,1973,0,138,0x594F6A8A
204,UP,102,1911,1,116,0x198EEF74
205,DOWN,102,1959,0,138,0x598F4E8A
206,UP,103,1896,1,116,0x19CED174
207,DOWN,103,1933,0,138,0x59CF1A8A
208,UP,104,1888,1,116,0x1A0EC174
209,DOWN,104,1926,0,138,0x5A0F0C8A
210,UP,105,1845,1,116,0x1A4E6B74
211,DOWN,105,1887,0,138,0x5A4EBE8A
212,UP,106,1816,1,116,0x1A8E3174
213,DOWN,106,1870,0,138,0x5A8E9C8A
214,UP,107,1834,1,116,0x1ACE5574
215,DOWN,107,1870,0,138,0x5ACE9C8A
216,UP,108,1805,1,116,0x1B0E1B74
217,DOWN,108,1844,0,138,0x5B0E688A
218,UP,109,1776,1,116,0x1B4DE174
219,DOWN,109,1827,0,138,0x5B4E468A
220,UP,110,1751,1,116,0x1B8DAF74
221,DOWN,110,1810,0,138,0x5B8E248A
222,UP,111,1751,1,116,0x1BCDAF74
223,DOWN,111,1783,0,138,0x5BCDEE8A
224,UP,112,1716,1,116,0x1C0D6974
225,DOWN,112,1765,0,138,0x5C0DCA8A
226,UP,113,1696,1,116,0x1C4D4174
227,DOWN,113,1741,0,138,0x5C4D9A8A
228,UP,114,1696,1,116,0x1C8D4174
229,DOWN,114,1756,0,138,0x5C8DB88A
230,UP,115,1679,1,116,0x1CCD1F74
231,DOWN,115,1723,0,138,0x5CCD768A
232,UP,116,1654,1,116,0x1D0CED74
233,DOWN,116,1704,0,138,0x5D0D508A
234,UP,117,1654,1,116,0x1D4CED74
235,DOWN,117,1689,0,138,0x5D4D328A
236,UP,118,1624,1,116,0x1D8CB174
237,DOWN,118,1665,0,138,0x5D8D028A
238,UP,119,1608,1,116,0x1DCC9174
239,DOWN,119,1632,0,138,0x5DCCC08A
240,UP,120,1593,1,116,0x1E0C7374
241,DOWN,120,1623,0,138,0x5E0CAE8A
242,UP,121,1597,1,116,0x1E4C7B74
243,DOWN,121,1623,0,138,0x5E4CAE8A
244,UP,122,1582,1,116,0x1E8C5D74
245,DOWN,122,1607,0,138,0x5E8C8E8A
246,UP,123,1565,1,116,0x1ECC3B74
247,DOWN,123,1589,0,138,0x5ECC6A8A
248,UP,124,1544,1,116,0x1F0C1174
249,DOWN,124,1570,0,138,0x5F0C448A
250,UP,125,1544,1,116,0x1F4C1174
251,DOWN,125,1570,0,138,0x5F4C448A
252,UP,126,1497,1,116,0x1F8BB374
253,DOWN,126,1533,0,138,0x5F8BFA8A
254,UP,127,1481,1,116,0x1FCB9374
255,DOWN,127,1533,0,138,0x5FCBFA8A
256,UP,128,1481,1,116,0x200B9374
257,DOWN,128,1506,0,138,0x600BC48A
258,UP,129,1454,1,116,0x204B5D74
259,DOWN,129,1495,0,138,0x604BAE8A
260,UP,130,1429,1,116,0x208B2B74
261,DOWN,130,1472,0,138,0x608B808A
262,UP,131,1417,1,116,0x20CB1374
263,DOWN,131,1452,0,138,0x60CB588A
264,UP,132,1403,1,116,0x210AF774
265,DOWN,132,1433,0,138,0x610B328A
266,UP,133,1370,1,116,0x214AB574
267,DOWN,133,1418,0,138,0x614B148A
268,UP,134,1370,1,116,0x218AB574
269,DOWN,134,1418,0,138,0x618B148A
270,UP,135,1370,1,116,0x21CAB574
271,DOWN,135,1398,0,138,0x61CAEC8A
272,UP,136,1334,1,116,0x220A6D74
273,DOWN,136,1364,0,138,0x620AA88A
274,UP,137,1321,1,116,0x224A5374
275,DOWN,137,1355,0,138,0x624A968A
276,UP,138,1305,1,116,0x228A3374
277,DOWN,138,1345,0,138,0x628A828A
278,UP,139,1305,1,116,0x22CA3374
279,DOWN,139,1329,0,138,0x62CA628A
280,UP,140,1269,1,116,0x2309EB74
281,DOWN,140,1294,0,138,0x630A1C8A
282,UP,141,1233,1,116,0x2349A374
283,DOWN,141,1263,0,138,0x6349DE8A
284,UP,142,1243,1,116,0x2389B774
285,DOWN,142,1280,0,138,0x638A008A
286,UP,143,1211,1,116,0x23C97774
287,DOWN,143,1263,0,138,0x63C9DE8A
288,UP,144,1192,1,116,0x24095174
289,DOWN,144,1233,0,138,0x6409A28A
290,UP,145,1176,1,116,0x24493174
291,DOWN,145,1217,0,138,0x6449828A
292,UP,146,1147,1,116,0x2488F774
293,DOWN,146,1200,0,138,0x6489608A
294,UP,147,1147,1,116,0x24C8F774
295,DOWN,147,1173,0,138,0x64C92A8A
296,UP,148,1118,1,116,0x2508BD74
297,DOWN,148,1156,0,138,0x6509088A
298,UP,149,1118,1,116,0x2548BD74
299,DOWN,149,1156,0,138,0x6549088A
300,UP,150,1093,1,116,0x25888B74
301,DOWN,150,1141,0,138,0x6588EA8A
302,UP,151,1084,1,116,0x25C87974
303,DOWN,151,1114,0,138,0x65C8B48A
304,UP,152,1059,1,116,0x26084774
305,DOWN,152,1087,0,138,0x66087E8A
306,UP,153,1059,1,116,0x26484774
307,DOWN,153,1087,0,138,0x66487E8A
308,UP,154,1029,1,116,0x26880B74
309,DOWN,154,1058,0,138,0x6688448A
310,UP,155,1009,1,116,0x26C7E374
311,DOWN,155,1058,0,138,0x66C8448A
312,UP,156,997,1,116,0x2707CB74
313,DOWN,156,1047,0,138,0x67082E8A
314,UP,157,974,1,116,0x27479D74
315,DOWN,157,1018,0,138,0x6747F48A
316,UP,158,958,1,116,0x27877D74
317,DOWN,158,1018,0,138,0x6787F48A
318,UP,159,940,1,116,0x27C75974
319,DOWN,159,998,0,138,0x67C7CC8A
320,UP,160,940,1,116,0x28075974
321,DOWN,160,977,0,138,0x6807A28A
322,UP,161,907,1,116,0x28471774
323,DOWN,161,948,0,138,0x6847688A
324,UP,162,893,1,116,0x2886FB74
325,DOWN,162,935,0,138,0x68874E8A
326,UP,163,893,1,116,0x28C6FB74
327,DOWN,163,921,0,138,0x68C7328A
328,UP,164,876,1,116,0x2906D974
329,DOWN,164,905,0,138,0x6907128A
330,UP,165,846,1,116,0x29469D74
331,DOWN,165,890,0,138,0x6946F48A
332,UP,166,826,1,116,0x29867574
333,DOWN,166,858,0,138,0x6986B48A
334,UP,167,812,1,116,0x29C65974
335,DOWN,167,832,0,138,0x69C6808A
336,UP,168,761,1,116,0x2A05F374
337,DOWN,168,798,0,138,0x6A063C8A
338,UP,169,743,1,116,0x2A45CF74
339,DOWN,169,775,0,138,0x6A460E8A
340,UP,170,743,1,116,0x2A85CF74
341,DOWN,170,798,0,138,0x6A863C8A
342,UP,171,725,1,116,0x2AC5AB74
343,DOWN,171,775,0,138,0x6AC60E8A
344,UP,172,684,1,116,0x2B055974
345,DOWN,172,737,0,138,0x6B05C28A
346,UP,173,684,1,116,0x2B455974
347,DOWN,173,737,0,138,0x6B45C28A
348,UP,174,668,1,116,0x2B853974
349,DOWN,174,712,0,138,0x6B85908A
350,UP,175,658,1,116,0x2BC52574
351,DOWN,175,681,0,138,0x6BC5528A
352,UP,176,627,1,116,0x2C04E774
353,DOWN,176,663,0,138,0x6C052E8A
354,UP,177,627,1,116,0x2C44E774
355,DOWN,177,663,0,138,0x6C452E8A
356,UP,178,608,1,116,0x2C84C174
357,DOWN,178,648,0,138,0x6C85108A
358,UP,179,608,1,116,0x2CC4C174
359,DOWN,179,627,0,138,0x6CC4E68A
360,UP,180,572,1,116,0x2D047974
361,DOWN,180,609,0,138,0x6D04C28A
362,UP,181,557,1,116,0x2D445B74
363,DOWN,181,591,0,138,0x6D449E8A
364,UP,182,527,1,116,0x2D841F74
365,DOWN,182,565,0,138,0x6D846A8A
366,UP,183,513,1,116,0x2DC40374
367,DOWN,183,548,0,138,0x6DC4488A
368,UP,184,527,1,116,0x2E041F74
369,DOWN,184,522,0,138,0x6E04148A
370,UP,185,489,1,116,0x2E43D374
371,DOWN,185,522,0,138,0x6E44148A
372,UP,186,489,1,116,0x2E83D374
373,DOWN,186,522,0,138,0x6E84148A
374,UP,187,461,1,116,0x2EC39B74
375,DOWN,187,490,0,138,0x6EC3D48A
376,UP,188,446,1,116,0x2F037D74
377,DOWN,188,458,0,138,0x6F03948A
378,UP,189,414,1,116,0x2F433D74
379,DOWN,189,427,0,138,0x6F43568A
380,UP,190,383,1,116,0x2F82FF74
381,DOWN,190,413,0,138,0x6F833A8A
382,UP,191,392,1,116,0x2FC31174
383,DOWN,191,413,0,138,0x6FC33A8A
384,UP,192,366,1,116,0x3002DD74
385,DOWN,192,396,0,138,0x7003188A
386,UP,193,351,1,116,0x3042BF74
387,DOWN,193,396,0,138,0x7043188A
388,UP,194,351,1,116,0x3082BF74
389,DOWN,194,365,0,138,0x7082DA8A
390,UP,195,333,1,116,0x30C29B74
391,DOWN,195,349,0,138,0x70C2BA8A
392,UP,196,290,1,116,0x31024574
393,DOWN,196,335,0,138,0x71029E8A
394,UP,197,258,1,116,0x31420574
395,DOWN,197,310,0,138,0x71426C8A
396,UP,198,258,1,116,0x31820574
397,DOWN,198,296,0,138,0x7182508A
398,UP,199,244,1,116,0x31C1E974
399,DOWN,199,281,0,138,0x71C2328A
400,UP,200,227,1,116,0x3201C774
401,DOWN,200,266,0,138,0x7202148A
402,UP,201,199,1,116,0x32418F74
403,DOWN,201,249,0,138,0x7241F28A
404,UP,202,199,1,116,0x32818F74
405,DOWN,202,232,0,138,0x7281D08A
406,UP,203,164,1,116,0x32C14974
407,DOWN,203,184,0,138,0x72C1708A
408,UP,204,138,1,116,0x33011574
409,DOWN,204,184,0,138,0x7301708A
410,UP,205,153,1,116,0x33413374
411,DOWN,205,184,0,138,0x7341708A
412,UP,206,124,1,116,0x3380F974
413,DOWN,206,168,0,138,0x7381508A
414,UP,207,107,1,116,0x33C0D774
415,DOWN,207,138,0,138,0x73C1148A
416,UP,208,107,1,116,0x3400D774
417,DOWN,208,138,0,138,0x7401148A
418,UP,209,85,1,116,0x3440AB74
419,DOWN,209,112,0,138,0x7440E08A
420,UP,210,59,1,116,0x34807774
421,DOWN,210,97,0,138,0x7480C28A
422,UP,211,34,1,116,0x34C04574
423,DOWN,211,77,0,138,0x74C09A8A
424,UP,212,34,1,116,0x35004574
425,DOWN,212,77,0,138,0x75009A8A
426,UP,213,17,1,116,0x35402374
427,DOWN,213,50,0,138,0x7540648A
428,UP,214,3857,1,117,0x359E2375
429,DOWN,214,31,0,138,0x75803E8A
430,UP,215,3845,1,117,0x35DE0B75
431,DOWN,215,31,0,138,0x75C03E8A
432,UP,216,3831,1,117,0x361DEF75
433,DOWN,216,8,0,138,0x7600108A
434,UP,217,3812,1,117,0x365DC975
435,DOWN,217,3833,0,139,0x765DF28B
436,UP,218,3774,1,117,0x369D7D75
437,DOWN,218,3816,0,139,0x769DD08B
438,UP,219,3786,1,117,0x36DD9575
439,DOWN,219,3816,0,139,0x76DDD08B
440,UP,220,3759,1,117,0x371D5F75
441,DOWN,220,3799,0,139,0x771DAE8B
442,UP,221,3739,1,117,0x375D3775
443,DOWN,221,3769,0,139,0x775D728B
444,UP,222,3702,1,117,0x379CED75
445,DOWN,222,3734,0,139,0x779D2C8B
446,UP,223,3702,1,117,0x37DCED75
447,DOWN,223,3734,0,139,0x77DD2C8B
448,UP,224,3654,1,117,0x381C8D75
449,DOWN,224,3696,0,139,0x781CE08B
