# TDC UART 扫描数据
# 生成时间: 2026-01-07 20:02:08
# Index, Type, ID, Fine, Flag, Coarse, Raw_Hex
0,UP,0,3583,1,112,0x001BFF70
1,DOWN,0,3799,0,134,0x401DAE86
2,UP,1,3553,1,112,0x005BC370
3,DOWN,1,3734,0,134,0x405D2C86
4,UP,2,3583,1,112,0x009BFF70
5,DOWN,2,3755,0,134,0x409D5686
6,UP,3,3553,1,112,0x00DBC370
7,DOWN,3,3734,0,134,0x40DD2C86
8,UP,4,3537,1,112,0x011BA370
9,DOWN,4,3734,0,134,0x411D2C86
10,UP,5,3518,1,112,0x015B7D70
11,DOWN,5,3711,0,134,0x415CFE86
12,UP,6,3504,1,112,0x019B6170
13,DOWN,6,3696,0,134,0x419CE086
14,UP,7,3492,1,112,0x01DB4970
15,DOWN,7,3675,0,134,0x41DCB686
16,UP,8,3474,1,112,0x021B2570
17,DOWN,8,3661,0,134,0x421C9A86
18,UP,9,3474,1,112,0x025B2570
19,DOWN,9,3675,0,134,0x425CB686
20,UP,10,3458,1,112,0x029B0570
21,DOWN,10,3630,0,134,0x429C5C86
22,UP,11,3441,1,112,0x02DAE370
23,DOWN,11,3630,0,134,0x42DC5C86
24,UP,12,3408,1,112,0x031AA170
25,DOWN,12,3597,0,134,0x431C1A86
26,UP,13,3408,1,112,0x035AA170
27,DOWN,13,3583,0,134,0x435BFE86
28,UP,14,3375,1,112,0x039A5F70
29,DOWN,14,3533,0,134,0x439B9A86
30,UP,15,3349,1,112,0x03DA2B70
31,DOWN,15,3533,0,134,0x43DB9A86
32,UP,16,3338,1,112,0x041A1570
33,DOWN,16,3533,0,134,0x441B9A86
34,UP,17,3323,1,112,0x0459F770
35,DOWN,17,3485,0,134,0x445B3A86
36,UP,18,3295,1,112,0x0499BF70
37,DOWN,18,3469,0,134,0x449B1A86
38,UP,19,3280,1,112,0x04D9A170
39,DOWN,19,3454,0,134,0x44DAFC86
40,UP,20,3258,1,112,0x05197570
41,DOWN,20,3438,0,134,0x451ADC86
42,UP,21,3219,1,111,0x0559276F
43,DOWN,21,3405,0,134,0x455A9A86
44,UP,22,3204,1,111,0x0599096F
45,DOWN,22,3387,0,134,0x459A7686
46,UP,23,3204,1,111,0x05D9096F
47,DOWN,23,3387,0,134,0x45DA7686
48,UP,24,3169,1,111,0x0618C36F
49,DOWN,24,3353,0,134,0x461A3286
50,UP,25,3169,1,111,0x0658C36F
51,DOWN,25,3328,0,134,0x465A0086
52,UP,26,3133,1,111,0x06987B6F
53,DOWN,26,3320,0,134,0x4699F086
54,UP,27,3133,1,111,0x06D87B6F
55,DOWN,27,3312,0,134,0x46D9E086
56,UP,28,3084,1,111,0x0718196F
57,DOWN,28,3278,0,133,0x47199C85
58,UP,29,3071,1,111,0x0757FF6F
59,DOWN,29,3278,0,133,0x47599C85
60,UP,30,3062,1,111,0x0797ED6F
61,DOWN,30,3278,0,133,0x47999C85
62,UP,31,3033,1,111,0x07D7B36F
63,DOWN,31,3237,0,133,0x47D94A85
64,UP,32,3033,1,111,0x0817B36F
65,DOWN,32,3215,0,133,0x48191E85
66,UP,33,3016,1,111,0x0857916F
67,DOWN,33,3202,0,133,0x48590485
68,UP,34,2997,1,111,0x08976B6F
69,DOWN,34,3187,0,133,0x4898E685
70,UP,35,2970,1,111,0x08D7356F
71,DOWN,35,3155,0,133,0x48D8A685
72,UP,36,2958,1,111,0x09171D6F
73,DOWN,36,3139,0,133,0x49188685
74,UP,37,2945,1,111,0x0957036F
75,DOWN,37,3133,0,133,0x49587A85
76,UP,38,2931,1,111,0x0996E76F
77,DOWN,38,3121,0,133,0x49986285
78,UP,39,2912,1,111,0x09D6C16F
79,DOWN,39,3096,0,133,0x49D83085
80,UP,40,2901,1,111,0x0A16AB6F
81,DOWN,40,3096,0,133,0x4A183085
82,UP,41,2879,1,111,0x0A567F6F
83,DOWN,41,3096,0,133,0x4A583085
84,UP,42,2863,1,111,0x0A965F6F
85,DOWN,42,3047,0,133,0x4A97CE85
86,UP,43,2829,1,111,0x0AD61B6F
87,DOWN,43,3036,0,133,0x4AD7B885
88,UP,44,2829,1,111,0x0B161B6F
89,DOWN,44,3036,0,133,0x4B17B885
90,UP,45,2829,1,111,0x0B561B6F
91,DOWN,45,3010,0,133,0x4B578485
92,UP,46,2808,1,111,0x0B95F16F
93,DOWN,46,2997,0,133,0x4B976A85
94,UP,47,2794,1,111,0x0BD5D56F
95,DOWN,47,2972,0,133,0x4BD73885
96,UP,48,2779,1,111,0x0C15B76F
97,DOWN,48,2972,0,133,0x4C173885
98,UP,49,2763,1,111,0x0C55976F
99,DOWN,49,2925,0,133,0x4C56DA85
100,UP,50,2728,1,111,0x0C95516F
101,DOWN,50,2916,0,133,0x4C96C885
102,UP,51,2728,1,111,0x0CD5516F
103,DOWN,51,2916,0,133,0x4CD6C885
104,UP,52,2712,1,111,0x0D15316F
105,DOWN,52,2902,0,133,0x4D16AC85
106,UP,53,2695,1,111,0x0D550F6F
107,DOWN,53,2869,0,133,0x4D566A85
108,UP,54,2676,1,111,0x0D94E96F
109,DOWN,54,2852,0,133,0x4D964885
110,UP,55,2662,1,111,0x0DD4CD6F
111,DOWN,55,2837,0,133,0x4DD62A85
112,UP,56,2619,1,111,0x0E14776F
113,DOWN,56,2785,0,133,0x4E15C285
114,UP,57,2598,1,111,0x0E544D6F
115,DOWN,57,2785,0,133,0x4E55C285
116,UP,58,2598,1,111,0x0E944D6F
117,DOWN,58,2799,0,133,0x4E95DE85
118,UP,59,2562,1,111,0x0ED4056F
119,DOWN,59,2768,0,133,0x4ED5A085
120,UP,60,2562,1,111,0x0F14056F
121,DOWN,60,2752,0,133,0x4F158085
122,UP,61,2538,1,111,0x0F53D56F
123,DOWN,61,2717,0,133,0x4F553A85
124,UP,62,2510,1,111,0x0F939D6F
125,DOWN,62,2702,0,133,0x4F951C85
126,UP,63,2510,1,111,0x0FD39D6F
127,DOWN,63,2677,0,133,0x4FD4EA85
128,UP,64,2471,1,111,0x10134F6F
129,DOWN,64,2677,0,133,0x5014EA85
130,UP,65,2471,1,111,0x10534F6F
131,DOWN,65,2677,0,133,0x5054EA85
132,UP,66,2471,1,111,0x10934F6F
133,DOWN,66,2636,0,133,0x50949885
134,UP,67,2448,1,111,0x10D3216F
135,DOWN,67,2621,0,133,0x50D47A85
136,UP,68,2423,1,111,0x1112EF6F
137,DOWN,68,2605,0,133,0x51145A85
138,UP,69,2384,1,111,0x1152A16F
139,DOWN,69,2592,0,133,0x51544085
140,UP,70,2384,1,111,0x1192A16F
141,DOWN,70,2554,0,133,0x5193F485
142,UP,71,2356,1,111,0x11D2696F
143,DOWN,71,2554,0,133,0x51D3F485
144,UP,72,2356,1,111,0x1212696F
145,DOWN,72,2528,0,133,0x5213C085
146,UP,73,2356,1,111,0x1252696F
147,DOWN,73,2512,0,133,0x5253A085
148,UP,74,2323,1,111,0x1292276F
149,DOWN,74,2493,0,133,0x52937A85
150,UP,75,2312,1,111,0x12D2116F
151,DOWN,75,2493,0,133,0x52D37A85
152,UP,76,2280,1,111,0x1311D16F
153,DOWN,76,2472,0,133,0x53135085
154,UP,77,2252,1,111,0x1351996F
155,DOWN,77,2438,0,133,0x53530C85
156,UP,78,2222,1,111,0x13915D6F
157,DOWN,78,2420,0,133,0x5392E885
158,UP,79,2236,1,111,0x13D1796F
159,DOWN,79,2420,0,133,0x53D2E885
160,UP,80,2222,1,111,0x14115D6F
161,DOWN,80,2405,0,133,0x5412CA85
162,UP,81,2202,1,111,0x1451356F
163,DOWN,81,2383,0,133,0x54529E85
164,UP,82,2188,1,111,0x1491196F
165,DOWN,82,2383,0,133,0x54929E85
166,UP,83,2163,1,111,0x14D0E76F
167,DOWN,83,2351,0,133,0x54D25E85
168,UP,84,2130,1,111,0x1510A56F
169,DOWN,84,2319,0,133,0x55121E85
170,UP,85,2111,1,111,0x15507F6F
171,DOWN,85,2294,0,133,0x5551EC85
172,UP,86,2111,1,111,0x15907F6F
173,DOWN,86,2306,0,133,0x55920485
174,UP,87,2078,1,111,0x15D03D6F
175,DOWN,87,2281,0,133,0x55D1D285
176,UP,88,2078,1,111,0x16103D6F
177,DOWN,88,2260,0,133,0x5611A885
178,UP,89,2048,1,111,0x1650016F
179,DOWN,89,2243,0,133,0x56518685
180,UP,90,2048,1,111,0x1690016F
181,DOWN,90,2230,0,133,0x56916C85
182,UP,91,2018,1,111,0x16CFC56F
183,DOWN,91,2212,0,133,0x56D14885
184,UP,92,1988,1,111,0x170F896F
185,DOWN,92,2183,0,133,0x57110E85
186,UP,93,2002,1,111,0x174FA56F
187,DOWN,93,2195,0,133,0x57512685
188,UP,94,1976,1,111,0x178F716F
189,DOWN,94,2183,0,133,0x57910E85
190,UP,95,1969,1,111,0x17CF636F
191,DOWN,95,2145,0,133,0x57D0C285
192,UP,96,1948,1,111,0x180F396F
193,DOWN,96,2130,0,133,0x5810A485
194,UP,97,1940,1,111,0x184F296F
195,DOWN,97,2114,0,133,0x58508485
196,UP,98,1926,1,111,0x188F0D6F
197,DOWN,98,2095,0,133,0x58905E85
198,UP,99,1896,1,111,0x18CED16F
199,DOWN,99,2080,0,133,0x58D04085
200,UP,100,1896,1,111,0x190ED16F
201,DOWN,100,2095,0,133,0x59105E85
202,UP,101,1879,1,111,0x194EAF6F
203,DOWN,101,2065,0,133,0x59502285
204,UP,102,1866,1,111,0x198E956F
205,DOWN,102,2049,0,133,0x59900285
206,UP,103,1834,1,111,0x19CE556F
207,DOWN,103,2022,0,133,0x59CFCC85
208,UP,104,1834,1,111,0x1A0E556F
209,DOWN,104,2012,0,133,0x5A0FB885
210,UP,105,1800,1,111,0x1A4E116F
211,DOWN,105,1972,0,133,0x5A4F6885
212,UP,106,1791,1,111,0x1A8DFF6F
213,DOWN,106,1972,0,133,0x5A8F6885
214,UP,107,1777,1,111,0x1ACDE36F
215,DOWN,107,1958,0,133,0x5ACF4C85
216,UP,108,1777,1,111,0x1B0DE36F
217,DOWN,108,1945,0,133,0x5B0F3285
218,UP,109,1734,1,111,0x1B4D8D6F
219,DOWN,109,1915,0,133,0x5B4EF685
220,UP,110,1734,1,111,0x1B8D8D6F
221,DOWN,110,1899,0,133,0x5B8ED685
222,UP,111,1715,1,111,0x1BCD676F
223,DOWN,111,1885,0,133,0x5BCEBA85
224,UP,112,1652,1,111,0x1C0CE96F
225,DOWN,112,1855,0,133,0x5C0E7E85
226,UP,113,1652,1,111,0x1C4CE96F
227,DOWN,113,1843,0,133,0x5C4E6685
228,UP,114,1652,1,111,0x1C8CE96F
229,DOWN,114,1843,0,133,0x5C8E6685
230,UP,115,1622,1,111,0x1CCCAD6F
231,DOWN,115,1808,0,133,0x5CCE2085
232,UP,116,1606,1,111,0x1D0C8D6F
233,DOWN,116,1795,0,133,0x5D0E0685
234,UP,117,1596,1,111,0x1D4C796F
235,DOWN,117,1766,0,133,0x5D4DCC85
236,UP,118,1567,1,111,0x1D8C3F6F
237,DOWN,118,1766,0,133,0x5D8DCC85
238,UP,119,1567,1,111,0x1DCC3F6F
239,DOWN,119,1734,0,133,0x5DCD8C85
240,UP,120,1528,1,111,0x1E0BF16F
241,DOWN,120,1734,0,133,0x5E0D8C85
242,UP,121,1548,1,111,0x1E4C196F
243,DOWN,121,1734,0,133,0x5E4D8C85
244,UP,122,1528,1,111,0x1E8BF16F
245,DOWN,122,1700,0,133,0x5E8D4885
246,UP,123,1502,1,111,0x1ECBBD6F
247,DOWN,123,1677,0,133,0x5ECD1A85
248,UP,124,1486,1,111,0x1F0B9D6F
249,DOWN,124,1663,0,133,0x5F0CFE85
250,UP,125,1486,1,111,0x1F4B9D6F
251,DOWN,125,1663,0,133,0x5F4CFE85
252,UP,126,1458,1,111,0x1F8B656F
253,DOWN,126,1637,0,133,0x5F8CCA85
254,UP,127,1430,1,111,0x1FCB2D6F
255,DOWN,127,1606,0,133,0x5FCC8C85
256,UP,128,1430,1,111,0x200B2D6F
257,DOWN,128,1606,0,133,0x600C8C85
258,UP,129,1403,1,111,0x204AF76F
259,DOWN,129,1587,0,133,0x604C6685
260,UP,130,1386,1,111,0x208AD56F
261,DOWN,130,1568,0,133,0x608C4085
262,UP,131,1369,1,111,0x20CAB36F
263,DOWN,131,1529,0,133,0x60CBF285
264,UP,132,1359,1,111,0x210A9F6F
265,DOWN,132,1529,0,133,0x610BF285
266,UP,133,1331,1,111,0x214A676F
267,DOWN,133,1502,0,133,0x614BBC85
268,UP,134,1302,1,111,0x218A2D6F
269,DOWN,134,1491,0,133,0x618BA685
270,UP,135,1302,1,111,0x21CA2D6F
271,DOWN,135,1483,0,133,0x61CB9685
272,UP,136,1267,1,111,0x2209E76F
273,DOWN,136,1449,0,133,0x620B5285
274,UP,137,1267,1,111,0x2249E76F
275,DOWN,137,1429,0,133,0x624B2A85
276,UP,138,1243,1,111,0x2289B76F
277,DOWN,138,1413,0,133,0x628B0A85
278,UP,139,1210,1,111,0x22C9756F
279,DOWN,139,1393,0,133,0x62CAE285
280,UP,140,1172,1,111,0x2309296F
281,DOWN,140,1360,0,133,0x630AA085
282,UP,141,1145,1,111,0x2348F36F
283,DOWN,141,1341,0,133,0x634A7A85
284,UP,142,1145,1,111,0x2388F36F
285,DOWN,142,1341,0,133,0x638A7A85
286,UP,143,1131,1,111,0x23C8D76F
287,DOWN,143,1326,0,133,0x63CA5C85
288,UP,144,1116,1,111,0x2408B96F
289,DOWN,144,1290,0,133,0x640A1485
290,UP,145,1090,1,111,0x2448856F
291,DOWN,145,1276,0,133,0x6449F885
292,UP,146,1072,1,111,0x2488616F
293,DOWN,146,1258,0,133,0x6489D485
294,UP,147,1057,1,111,0x24C8436F
295,DOWN,147,1233,0,133,0x64C9A285
296,UP,148,1027,1,111,0x2508076F
297,DOWN,148,1200,0,133,0x65096085
298,UP,149,1027,1,111,0x2548076F
299,DOWN,149,1200,0,133,0x65496085
300,UP,150,1008,1,111,0x2587E16F
301,DOWN,150,1200,0,133,0x65896085
302,UP,151,996,1,111,0x25C7C96F
303,DOWN,151,1174,0,133,0x65C92C85
304,UP,152,976,1,111,0x2607A16F
305,DOWN,152,1150,0,133,0x6608FC85
306,UP,153,976,1,111,0x2647A16F
307,DOWN,153,1138,0,133,0x6648E485
308,UP,154,940,1,111,0x2687596F
309,DOWN,154,1138,0,133,0x6688E485
310,UP,155,922,1,111,0x26C7356F
311,DOWN,155,1112,0,133,0x66C8B085
312,UP,156,908,1,111,0x2707196F
313,DOWN,156,1112,0,133,0x6708B085
314,UP,157,893,1,111,0x2746FB6F
315,DOWN,157,1085,0,133,0x67487A85
316,UP,158,877,1,111,0x2786DB6F
317,DOWN,158,1072,0,133,0x67886085
318,UP,159,862,1,111,0x27C6BD6F
319,DOWN,159,1033,0,133,0x67C81285
320,UP,160,845,1,111,0x28069B6F
321,DOWN,160,1033,0,133,0x68081285
322,UP,161,825,1,111,0x2846736F
323,DOWN,161,997,0,133,0x6847CA85
324,UP,162,798,1,111,0x28863D6F
325,DOWN,162,977,0,133,0x6887A285
326,UP,163,798,1,111,0x28C63D6F
327,DOWN,163,977,0,133,0x68C7A285
328,UP,164,798,1,111,0x29063D6F
329,DOWN,164,962,0,133,0x69078485
330,UP,165,760,1,111,0x2945F16F
331,DOWN,165,933,0,133,0x69474A85
332,UP,166,742,1,111,0x2985CD6F
333,DOWN,166,919,0,133,0x69872E85
334,UP,167,742,1,111,0x29C5CD6F
335,DOWN,167,919,0,133,0x69C72E85
336,UP,168,684,1,111,0x2A05596F
337,DOWN,168,869,0,133,0x6A06CA85
338,UP,169,657,1,111,0x2A45236F
339,DOWN,169,855,0,133,0x6A46AE85
340,UP,170,684,1,111,0x2A85596F
341,DOWN,170,855,0,133,0x6A86AE85
342,UP,171,643,1,111,0x2AC5076F
343,DOWN,171,830,0,133,0x6AC67C85
344,UP,172,643,1,111,0x2B05076F
345,DOWN,172,784,0,133,0x6B062085
346,UP,173,608,1,111,0x2B44C16F
347,DOWN,173,815,0,133,0x6B465E85
348,UP,174,608,1,111,0x2B84C16F
349,DOWN,174,784,0,133,0x6B862085
350,UP,175,591,1,111,0x2BC49F6F
351,DOWN,175,784,0,133,0x6BC62085
352,UP,176,572,1,111,0x2C04796F
353,DOWN,176,734,0,133,0x6C05BC85
354,UP,177,572,1,111,0x2C44796F
355,DOWN,177,734,0,133,0x6C45BC85
356,UP,178,557,1,111,0x2C845B6F
357,DOWN,178,722,0,133,0x6C85A485
358,UP,179,527,1,111,0x2CC41F6F
359,DOWN,179,710,0,133,0x6CC58C85
360,UP,180,527,1,111,0x2D041F6F
361,DOWN,180,679,0,133,0x6D054E85
362,UP,181,513,1,111,0x2D44036F
363,DOWN,181,679,0,133,0x6D454E85
364,UP,182,470,1,111,0x2D83AD6F
365,DOWN,182,648,0,133,0x6D851085
366,UP,183,460,1,111,0x2DC3996F
367,DOWN,183,629,0,133,0x6DC4EA85
368,UP,184,445,1,111,0x2E037B6F
369,DOWN,184,629,0,133,0x6E04EA85
370,UP,185,430,1,111,0x2E435D6F
371,DOWN,185,614,0,133,0x6E44CC85
372,UP,186,413,1,111,0x2E833B6F
373,DOWN,186,573,0,133,0x6E847A85
374,UP,187,397,1,111,0x2EC31B6F
375,DOWN,187,561,0,133,0x6EC46285
376,UP,188,381,1,111,0x2F02FB6F
377,DOWN,188,554,0,133,0x6F045485
378,UP,189,349,1,111,0x2F42BB6F
379,DOWN,189,509,0,133,0x6F43FA85
380,UP,190,317,1,111,0x2F827B6F
381,DOWN,190,490,0,133,0x6F83D485
382,UP,191,317,1,111,0x2FC27B6F
383,DOWN,191,473,0,133,0x6FC3B285
384,UP,192,290,1,111,0x3002456F
385,DOWN,192,473,0,133,0x7003B285
386,UP,193,273,1,111,0x3042236F
387,DOWN,193,440,0,133,0x70437085
388,UP,194,258,1,111,0x3082056F
389,DOWN,194,440,0,133,0x70837085
390,UP,195,243,1,111,0x30C1E76F
391,DOWN,195,413,0,133,0x70C33A85
392,UP,196,211,1,111,0x3101A76F
393,DOWN,196,380,0,133,0x7102F885
394,UP,197,179,1,111,0x3141676F
395,DOWN,197,380,0,133,0x7142F885
396,UP,198,179,1,111,0x3181676F
397,DOWN,198,355,0,133,0x7182C685
398,UP,199,164,1,111,0x31C1496F
399,DOWN,199,333,0,133,0x71C29A85
400,UP,200,136,1,111,0x3201116F
401,DOWN,200,321,0,133,0x72028285
402,UP,201,123,1,111,0x3240F76F
403,DOWN,201,293,0,133,0x72424A85
404,UP,202,106,1,111,0x3280D56F
405,DOWN,202,293,0,133,0x72824A85
406,UP,203,84,1,111,0x32C0A96F
407,DOWN,203,264,0,133,0x72C21085
408,UP,204,68,1,111,0x3300896F
409,DOWN,204,230,0,133,0x7301CC85
410,UP,205,68,1,111,0x3340896F
411,DOWN,205,230,0,133,0x7341CC85
412,UP,206,49,1,111,0x3380636F
413,DOWN,206,218,0,133,0x7381B485
414,UP,207,34,1,111,0x33C0456F
415,DOWN,207,201,0,133,0x73C19285
416,UP,208,6,1,111,0x34000D6F
417,DOWN,208,183,0,133,0x74016E85
418,UP,209,3856,1,112,0x345E2170
419,DOWN,209,166,0,133,0x74414C85
420,UP,210,3844,1,112,0x349E0970
421,DOWN,210,172,0,133,0x74815885
422,UP,211,3812,1,112,0x34DDC970
423,DOWN,211,137,0,133,0x74C11285
424,UP,212,3831,1,112,0x351DEF70
425,DOWN,212,152,0,133,0x75013085
426,UP,213,3795,1,112,0x355DA770
427,DOWN,213,125,0,133,0x7540FA85
428,UP,214,3775,1,112,0x359D7F70
429,DOWN,214,95,0,133,0x7580BE85
430,UP,215,3775,1,112,0x35DD7F70
431,DOWN,215,83,0,133,0x75C0A685
432,UP,216,3740,1,112,0x361D3970
433,DOWN,216,75,0,133,0x76009685
434,UP,217,3717,1,112,0x365D0B70
435,DOWN,217,30,0,133,0x76403C85
436,UP,218,3693,1,112,0x369CDB70
437,DOWN,218,8,0,133,0x76801085
438,UP,219,3703,1,112,0x36DCEF70
439,DOWN,219,30,0,133,0x76C03C85
440,UP,220,3664,1,112,0x371CA170
441,DOWN,220,3861,0,134,0x771E2A86
442,UP,221,3664,1,112,0x375CA170
443,DOWN,221,3849,0,134,0x775E1286
444,UP,222,3628,1,112,0x379C5970
445,DOWN,222,3814,0,134,0x779DCC86
446,UP,223,3628,1,112,0x37DC5970
447,DOWN,223,3799,0,134,0x77DDAE86
448,UP,224,3583,1,112,0x381BFF70
449,DOWN,224,3769,0,134,0x781D7286
